 Y1   Y2   X1   X2    X3    X4    X5
1  1.22 0.31 3.50 0.74 70.28  8.57  0.00
2  1.21 0.25 0.18 0.70 71.53  7.91  3.23
3  1.32 0.38 0.04 0.67 69.46  8.12  2.82
4  1.44 0.30 1.13 0.63 70.93  8.21 10.48
5  0.40 0.07 0.27 0.67 71.58  8.59  2.66
6  1.37 0.31 0.16 0.73 66.66  7.19  0.82
7  1.61 0.41 0.13 0.70 68.43  8.18  0.29
8  0.74 0.14 0.59 0.69 70.26  7.70  6.08
9  0.81 0.17 0.41 0.68 68.13  8.29  4.12
10 1.19 0.25 1.28 0.65 72.99 11.21 20.05
11 0.28 0.05 1.38 0.63 72.53 10.34 44.58
12 1.64 0.29 2.22 0.67 68.55  8.73  9.27
13 2.85 0.90 2.48 0.66 69.01  7.07  2.82
14 1.72 0.41 1.99 0.70 69.38  7.90 16.24
15 3.42 0.96 2.83 0.68 66.52  8.53  6.13
16 1.94 0.42 0.49 0.68 68.62  7.55  3.60
17 2.95 0.77 2.97 0.68 69.19  7.65 12.66
18 1.80 0.45 1.96 0.62 69.43  7.45  2.01
19 1.09 0.20 4.50 0.72 67.36  7.86 19.67
20 0.96 0.14 0.85 0.65 69.48  7.80  0.64
21 2.24 0.58 4.30 0.79 65.98  7.91 11.25
22 1.98 0.52 3.76 0.69 65.45  7.65  1.65
23 1.50 0.32 3.22 0.76 68.65  7.06  6.34
24 3.07 0.73 2.35 0.69 66.08  7.26 11.76
25 2.25 0.62 3.50 0.59 71.49 10.91 61.88
26 1.37 0.26 1.35 0.68 70.87 10.20  4.59
27 0.88 0.18 2.27 0.70 67.29  9.41  7.63
28 1.50 0.27 2.22 0.64 69.82  9.91  8.72
29 2.97 0.71 1.42 0.76 68.15  9.39  7.70
30 2.76 0.67 0.25 0.74 69.00  8.55 15.13
31 1.61 0.34 1.92 0.68 68.53  8.10 16.51
32 4.22 1.23 1.20 0.72 67.01  8.39  9.57
33 3.02 0.77 1.45 0.71 68.13  8.09  0.23
34 2.05 0.57 1.40 0.63 67.00  8.31  1.88
35 1.15 0.22 2.73 0.73 63.68  8.24 26.33
36 2.20 0.50 0.61 0.74 68.28  8.30 14.97
37 1.69 0.39 1.22 0.65 68.37  7.49  8.58
38 3.21 0.90 2.85 0.66 70.46 11.82  6.85
39 1.89 0.45 1.16 0.83 67.90  8.20 16.06
40 1.42 0.29 0.63 0.69 68.95  7.35  6.55
41 1.87 0.41 0.61 0.66 69.69  7.72  0.37
42 2.31 0.56 0.53 0.69 71.01  8.04  0.00
43 1.64 0.35 0.85 0.77 70.08  7.64  0.00
44 2.95 0.72 0.33 0.64 69.57  8.35  0.00
45 2.15 0.50 0.22 0.72 69.69  7.72  0.17
46 1.17 0.26 0.26 0.66 70.22  7.56  0.00
47 2.00 0.42 0.06 0.71 69.44  7.77  2.81
48 1.07 0.19 0.00 0.73 70.65  8.40  1.50
49 0.65 0.11 0.28 0.70 68.51  7.09  0.00
50 0.88 0.16 0.23 0.70 70.23  7.72  0.00
51 2.22 0.53 1.15 0.71 63.99  8.53  0.00
52 1.34 0.35 2.21 0.67 71.66 10.96  7.80
53 0.87 0.16 1.39 0.68 71.88 10.98  0.46
54 0.67 0.15 0.17 0.69 71.37  8.27  2.91
55 0.93 0.26 0.85 0.65 71.31  8.74  0.07
56 0.27 0.06 1.13 0.70 70.25  7.46  3.17
57 0.62 0.14 0.79 0.66 71.82  7.22  3.54
58 0.25 0.03 0.09 0.67 68.68  6.89  0.35
59 0.90 0.19 2.32 0.67 72.33  8.67  0.25
60 0.79 0.21 1.21 0.66 73.68 10.27  0.00
